10
299, 145; 3, 0, 0
452, 191; 5, 3, 2
630, 272; 4, 3, 2
261, 306; 2, 0, 0
754, 309; 4, 4, 2
426, 331; 5, 3, 0
553, 403; 4, 4, 3
286, 418; 5, 5, 0
631, 502; 5, 4, 3
369, 597; 5, 0, 0

8
273, 153; 4, 3, 0
572, 179; 5, 5, 0
684, 250; 5, 3, 2
194, 332; 5, 3, 0
338, 337; 4, 0, 0
569, 432; 5, 0, 0
187, 484; 4, 4, 2
352, 521; 2, 0, 0

10
520, 89; 2, 2, 1
217, 176; 1, 1, 0
357, 200; 3, 1, 0
470, 205; 5, 0, 0
562, 279; 3, 3, 0
211, 335; 1, 1, 0
396, 377; 5, 1, 0
553, 403; 2, 2, 0
676, 475; 2, 1, 1
411, 544; 5, 5, 0

14
391, 106; 2, 1, 0
413, 199; 5, 0, 0
496, 211; 3, 3, 0
313, 271; 3, 1, 0
737, 285; 2, 1, 1
610, 297; 2, 2, 0
458, 357; 1, 0, 0
231, 407; 4, 1, 0
773, 417; 4, 3, 2
420, 438; 1, 0, 0
301, 473; 1, 1, 0
557, 474; 5, 5, 0
661, 491; 3, 0, 0
439, 544; 3, 1, 1

